653
667
676
766
767
334
372
445
545
671
732
893
1038
1154
1248
1313
1355
1527
1665
1777
1875
1969
2056
1976
1744
1526
1320
1120
923
768
772
775
776
774
770
764
728
692
657
623
591
561
533
506
481
456
432
407
388
374
365
363
367
381
391
391
384
372
354
330
300
279
265
257
252
249
248
248
246
243
243
246
254
268
291
329
364
390
409
420
422
414
393
379
375
376
382
392
406
421
434
444
454
465
472
475
476
473
468
458
445
432
417
399
380
364
352
344
343
349
364
380
386
385
376
361
338
306
276
252
236
227
224
227
235
249
258
258
252
240
224
203
177
157
145
141
142
149
162
183
204
219
228
233
232
226
212
200
195
199
210
230
262
306
367
434
490
532
560
570
562
530
489
454
432
425
435
465
525
627
779
904
1002
1069
1101
1091
1019
893
780
680
594
521
463
423
392
371
361
363
380
396
401
397
385
365
337
299
267
245
230
222
221
227
239
256
280
305
320
326
326
319
304
280
257
242
236
236
245
261
286
320
363
397
418
427
423
407
374
328
289
261
243
236
241
261
294
311
318
314
301
278
243
198
168
151
146
154
179
234
395
498
551
581
594
588
550
406
325
292
282
284
296
314
335
354
371
383
389
391
388
380
369
357
360
394
535
1152
1225
1249
1266
1286
1329
1546
1267
1287
1306
1336
1364
1367
1128
968
1141
1502
2088
3088
4382
5638
6837
7951
8929
9679
9999
9999
9697
8963
7992
6889
5707
4472
3201
2205
1622
1260
1019
848
722
628
563
518
489
472
465
466
464
458
451
447
447
450
466
504
558
621
689
766
854
947
1053
1186
1380
1673
2171
3219
4469
5691
6874
7987
8410
8297
7473
6358
5291
4293
3427
3420
4319
5363
6479
7546
8544
9272
8999
8024
6946
5820
4659
3472
2534
2326
2242
2292
2431
2681
2883
3118
4187
4506
4397
4128
3734
3388
2891
1553
969
821
898
1647
2457
2714
2872
2996
3082
3078
2488
1919
2011
2355
2994
4129
5313
6461
7548
8539
9374
9935
9999
9607
8891
7967
6904
5746
4523
3255
2344
1736
1322
1040
1055
1061
1009
953
899
850
822
666
674
1994
2137
2205
2267
2388
2416
2408
1270
1475
2010
2861
4087
5357
6574
7712
8722
9498
9590
8797
7733
6542
5278
3968
2629
1650
1097
782
595
480
412
375
359
347
328
303
274
240
203
164
132
111
96
85
78
72
68
65
62
59
57
55
53
51
50
49
48
48
48
49
50
52
56
62
72
91
267
335
357
366
368
363
347
172
105
83
71
63
58
55
54
55
58
66
80
110
130
146
157
163
165
158
137
126
121
120
120
123
129
135
141
147
164
185
208
235
267
307
340
374
422
491
590
730
935
1252
1722
2439
3557
4840
6073
7235
8289
9176
9800
9999
9999
9999
9999
9999
9999
9999
9999
9999
9999
9999
9999
9999
9999
9999
9999
9999
9999
9999
9999
9999
9999
9999
9999
9999
9999
9999
9999
9999
9999
9999
9999
9999
9999
9999
9999
9999
9999
9999
9999
9999
9999
9999
9999
9999
9999
9999
9999
9999
9999
9999
9999
9999
9999
9999
9783
9334
8703
7927
7013
6006
4925
3998
3254
2652
2164
1788
1484
1250
1078
959
882
842
836
836
818
786
742
688
623
545
482
439
409
386
366
349
332
313
291
268
250
235
222
213
206
203
196
183
171
160
150
141
130
128
128
128
127
124
129
133
133
130
126
123
118
105
94
85
77
70
64
60
57
55
55
55
58
63
72
82
88
92
94
93
90
82
75
71
70
71
75
81
87
93
98
103
106
107
108
109
111
113
116
120
124
129
134
140
146
154
162
171
182
193
206
221
236
254
275
298
325
355
390
430
472
514
553
586
608
620
618
605
584
560
538
521
512
516
536
574
642
760
971
1396
2468
3803
5121
6013
6429
6558
6384
5522
4389
3271
2578
2353
2364
2500
2685
2834
2922
2941
2888
2777
2665
2706
2760
2869
3043
3227
3266
3131
2864
2663
2505
2404
2569
3647
4859
6034
7166
8244
9243
9999
9999
9999
9999
9999
9999
9999
9999
9349
8310
7139
5904
4635
3353
2093
1536
1490
2058
3293
3650
3864
3983
3998
3848
3183
1884
1472
1197
979
799
652
533
437
361
301
253
216
188
165
148
134
123
115
108
102
96
92
87
83
79
76
73
70
67
64
62
61
59
58
58
58
59
60
62
66
70
75
80
86
92
98
104
110
117
124
131
139
148
158
169
180
193
209
228
251
282
324
382
462
575
736
970
1318
1846
2666
3980
5258
6483
7627
8650
9479
9999
9999
9999
9999
9999
9999
9999
9999
9999
9999
9999
9999
9999
9999
9999
9999
9999
9999
9999
9999
9999
9999
9999
9999
9162
8035
6789
5488
4158
2815
1472
973
788
777
1017
2346
2600
2704
2753
2757
2702
2690
1491
1236
1096
991
903
826
526
417
1409
1464
1495
1526
1554
1581
1562
616
680
842
1101
1576
2306
3473
4772
6031
7230
8336
9222
9838
9999
9999
9999
9999
9999
9999
9999
9999
9999
9999
9999
9999
9999
9948
9556
8928
8132
7216
6322
5773
5823
6215
6843
7264
8181
8208
7559
6271
4943
3591
2596
1221
706
524
432
382
359
359
372
399
423
442
457
466
468
460
445
439
446
467
505
563
650
783
866
911
924
908
862
777
643
553
490
449
440
449
480
528
600
710
752
787
830
883
943
1003
1536
2568
3537
4840
5885
6404
6716
6412
5524
4875
4875
4759
4493
4260
4026
3949
3694
2454
1589
1404
1380
1502
1671
1897
2192
2574
3767
4951
6095
7188
8216
9160
9999
9999
9999
9999
9999
9999
9999
9999
9999
9999
9999
9999
9999
9999
9999
9999
9999
9999
9999
9975
9565
8598
7759
7190
7190
7190
6956
6179
5997
5747
5315
4471
3978
3727
4491
5399
6489
6496
6373
5922
5505
5020
4366
3509
3638
3738
3813
3865
3900
4796
5652
6515
7383
7386
7390
7392
6516
5632
4738
3918
4000
4137
4357
4713
5301
5578
5633
5560
5172
4827
4648
4943
5561
5504
5094
4982
4795
4383
3396
2667
2684
3315
4138
5239
5165
4975
4536
4176
3654
2907
1843
1880
1908
1927
1941
1951
3107
4254
5402
6551
6546
6541
6534
5374
4212
3045
1926
1973
2039
2131
2264
2458
2729
2852
2890
2859
2766
2611
2382
2077
1882
1753
1707
1784
2104
3301
4502
4621
4676
4704
4678
4488
3504
3334
4406
5549
6687
7793
8845
9829
9999
9999
9999
9999
9999
9999
9999
9999
9999
9999
9999
9999
9999
9999
9999
9999
9999
9999
9999
9999
9999
9999
9999
9999
9999
9999
9999
9999
9999
9999
9999
9999
9999
9999
9999
9999
9999
9999
9999
9999
9999
9999
9999
9999
9999
9999
9999
9999
9999
9999
9999
9999
9999
9999
9999
9999
9999
9999
9999
9999
9999
9999
9999
9999
9999
9999
9999
9999
9999
9999
9999
9999
9999
9610
8957
8153
7209
6223
5219
4220
3637
3430
3524
4123
5109
6112
6520
6448
6125
5575
4612
3273
1913
1126
780
567
426
329
259
208
173
146
125
109
96
86
77
69
63
60
58
59
64
82
107
118
124
128
128
123
106
86
80
80
85
94
108
128
152
182
218
265
326
485
1884
2103
2185
2218
2220
2196
2065
688
484
409
373
356
351
350
349
347
343
336
319
296
269
240
211
182
155
136
121
108
98
92
88
87
89
93
98
101
102
101
99
94
88
83
81
83
88
97
114
134
160
194
243
326
1151
1252
1282
1287
1303
1280
1214
396
293
254
225
175
145
124
107
93
85
86
87
87
88
89
90
89
87
87
88
90
94
99
118
142
169
201
240
287
317
342
373
412
457
507
560
638
712
756
798
839
879
921
974
1791
2194
2416
2541
2604
2618
2550
1713
1312
1085
950
872
848
901
973
1067
1185
1333
1470
1605
1738
1863
1969
2045
2112
2176
2211
2216
2192
2145
2269
2337
2382
2415
2444
2479
2359
2063
1795
1554
1336
1136
994
1036
1097
1179
1285
1421
1592
1764
1983
2263
2816
3590
4725
5850
6930
7952
8901
9558
9973
9999
9999
9999
9999
9999
9999
9999
9999
9999
9999
9999
9999
9999
9999
9999
9999
9999
9999
9999
9999
9999
9999
9999
9999
9999
9999
9999
9999
9999
9999
9999
9999
9999
9999
9999
9999
9999
9592
9122
8608
8064
7504
6941
6878
7285
7754
8269
8813
9373
9936
9999
9999
9999
9981
9981
9981
9981
9981
9981
9981
9999
9999
9999
9999
9999
9999
9999
9999
9999
9999
9999
9999
9999
9999
9999
9999
9999
9999
9999
9999
9999
9999
9999
9999
9999
9999
9999
9999
9999
9999
9999
9999
9999
9999
9999
9999
9999
9999
9999
9999
9999
9999
9999
9999
9999
9999
9999
9999
9999
9951
9836
9650
9392
9067
8684
8684
8731
8236
7803
7426
7092
6791
6083
5200
5811
6430
7065
7723
8408
8252
8389
7659
6936
6216
5491
4758
5622
5520
5416
5318
5230
5158
5105
4275
4285
4275
4246
4198
4994
5037
5128
5230
5341
5459
5428
4542
5286
6025
6760
7493
7417
7480
7548
6745
5956
5956
5956
6764
6707
6642
6560
6623
5903
5191
4486
4667
4853
5737
5588
5438
5292
5152
5022
4905
4113
4182
4230
4255
4259
4241
5056
5848
5915
5990
6066
6141
6211
5420
4610
4553
4513
4494
4495
4516
5307
6117
6068
6008
5938
5856
5763
4901
4234
4473
4809
5315
6146
6998
7103
6680
6171
5542
4726
3573
2396
2239
2377
2521
2681
2866
3085
3167
3019
2957
2977
3086
3300
3645
4345
5304
6318
7270
8139
8896
9501
9896
9999
9999
9999
9999
9999
9999
9999
9999
9999
9999
9999
9999
9999
9999
9999
9999
9999
9999
9999
9999
9999
9999
9999
9999
9999
9999
9666
9097
8377
7536
6602
5597
4539
3739
3141
2673
2312
2039
1840
1717
1713
1830
2182
3384
4591
5092
5290
5339
5252
4933
3770
2624
2215
2147
2288
2681
3836
5000
5632
5893
5935
5780
5360
4150
2906
2147
1703
1399
1172
992
867
775
710
664
636
623
595
550
499
446
390
334
277
248
228
213
203
195
190
185
179
173
166
166
172
182
200
228
273
279
273
260
240
212
173
119
105
96
89
85
84
86
88
91
96
103
108
109
109
107
103
103
104
114
129
148
167
167
160
148
131
110
86
65
64
67
72
77
82
86
87
86
83
79
75
73
72
73
75
79
83
87
91
96
100
103
107
110
113
115
117
119
121
121
122
121
120
117
114
110
106
101
96
93
91
92
95
102
114
126
134
139
141
141
137
128
122
121
123
127
133
141
148
155
159
162
164
166
166
166
166
167
167
168
169
170
171
172
173
175
176
178
181
184
188
192
198
204
212
220
230
242
252
262
273
281
286
282
269
251
228
201
173
147
129
122
126
147
193
270
358
449
532
596
639
653
636
604
564
529
506
491
480
469
459
447
432
414
396
377
359
344
331
320
310
300
290
279
267
255
245
240
265
304
366
455
567
678
678
649
607
548
467
366
336
611
1440
2835
4022
4319
4546
4653
4525
3821
2534
1494
1318
1195
1116
1070
1050
1031
980
969
992
1121
1330
1661
2220
3162
4441
4750
4985
5137
5139
4891
4206
3272
3217
3089
2930
2779
3156
4096
5029
6032
6665
6928
7633
7733
7370
7040
6887
7307
7607
7226
6876
6960
6946
6886
6886
7412
8195
8193
7755
7354
6904
6345
5920
5920
6792
7607
7568
7371
7006
6453
5428
4364
3539
3383
3225
3074
2934
2808
2648
2236
1926
1683
1473
1327
1243
1273
1386
1660
2433
3718
4254
4463
4517
4442
4138
3359
2104
1505
1212
1039
934
920
907
1014
1170
1304
1419
1519
1607
2888
4036
5206
6392
6364
6340
6315
5080
3841
2596
1436
1517
1617
1740
1884
2050
2362
2586
2803
2669
2519
2356
2181
1868
1561
1408
1602
1819
2077
2411
2891
3010
2921
2784
2592
2279
1881
1329
1132
978
858
873
949
1020
1088
1155
1222
1239
1154
1091
1049
1029
1032
1071
1200
1375
1614
1943
2401
3216
4367
5546
6673
7729
8685
9497
9933
9999
9999
9999
9999
9999
9999
9999
9999
9999
9999
9999
9999
9999
9999
9999
9999
9999
9999
9999
9999
9999
9999
9999
9999
9999
9999
9999
9999
9999
9999
9999
9999
9999
9999
9999
9999
9999
9999
9999
9999
9999
9999
9999
9999
9999
9999
9999
9999
9999
9999
9999
9999
9999
9999
9999
9999
9999
9999
9999
9999
9999
9999
9999
9999
9999
9999
9999
9999
9999
9999
9999
9999
9999
9999
9999
9999
9933
9767
9544
8947
8327
7703
7091
6574
6204
6172
6700
7320
7944
8556
9139
9675
9930
9999
9999
9999
9999
9999
9999
9999
9999
9999
9999
9999
9999
9999
9794
9399
8843
8153
7694
7006
6173
5447
4846
4362
3935
3269
2831
2515
2313
2201
2166
2250
2399
3160
4235
5367
6475
7551
8584
9344
9374
8955
8311
7542
6696
5789
5052
4400
3885
3485
3193
2971
2813
2713
2666
2689
2813
3045
3411
4476
5529
6563
7548
8468
9297
9862
9825
9825
9825
9825
9825
9825
9962
9999
9999
9999
9363
8673
7940
7174
6387
5589
5589
6225
6915
7648
8414
9201
9696
9587
9587
9587
9587
9587
9587
9890
9999
9999
9999
9999
9999
9999
9999
9999
9999
9999
9999
9999
9999
9999
9999
9999
9999
9999
9999
9999
9999
9999
9999
9999
9999
9999
9871
9606
9214
8717
8416
8050
7643
7351
7212
7248
7009
6593
6278
6052
5905
5823
6179
6916
7632
8313
8946
9513
9999
9999
9999
9999
9999
9999
9999
9999
9999
9999
9999
9999
9999
9999
9999
9999
9999
9999
9999
9999
9999
9999
9999
9999
9999
9999
9282
8474
7601
6683
5736
4774
3809
3569
3442
3514
3715
4065
4608
5424
6380
7134
7935
8652
9249
9667
9817
9817
9999
9999
9999
9999
9999
9999
9999
9999
9999
9999
9999
9999
9999
9999
9999
9999
9999
9999
9999
9999
9999
9999
9999
9999
9999
9999
9999
9999
9999
9999
9999
9999
9999
9999
9999
9999
9999
9999
9999
9999
9999
9999
9999
9999
9999
9942
9534
8909
8022
7074
6086
5077
4120
3529
3191
3185
3373
3884
4893
5906
6905
7461
7624
7504
7024
6067
5116
4213
3861
4354
5234
5091
4848
4520
4098
3508
2378
1002
710
511
389
307
249
205
167
144
125
109
95
84
75
67
61
55
51
47
43
40
38
36
34
32
30
28
27
26
26
29
37
156
173
181
188
192
191
186
69
53
46
39
35
33
31
29
27
26
25
24
24
25
28
42
56
68
78
84
89
90
80
70
63
58
56
56
59
58
63
68
75
84
95
112
595
632